{
 "cells": [
  {
   "cell_type": "code",
   "execution_count": 1,
   "id": "6050fac2",
   "metadata": {},
   "outputs": [
    {
     "data": {
      "text/html": [
       "<div>\n",
       "<style scoped>\n",
       "    .dataframe tbody tr th:only-of-type {\n",
       "        vertical-align: middle;\n",
       "    }\n",
       "\n",
       "    .dataframe tbody tr th {\n",
       "        vertical-align: top;\n",
       "    }\n",
       "\n",
       "    .dataframe thead th {\n",
       "        text-align: right;\n",
       "    }\n",
       "</style>\n",
       "<table border=\"1\" class=\"dataframe\">\n",
       "  <thead>\n",
       "    <tr style=\"text-align: right;\">\n",
       "      <th></th>\n",
       "      <th>mage</th>\n",
       "      <th>meduc</th>\n",
       "      <th>monpre</th>\n",
       "      <th>npvis</th>\n",
       "      <th>fage</th>\n",
       "      <th>feduc</th>\n",
       "      <th>omaps</th>\n",
       "      <th>fmaps</th>\n",
       "      <th>cigs</th>\n",
       "      <th>drink</th>\n",
       "      <th>male</th>\n",
       "      <th>mwhte</th>\n",
       "      <th>mblck</th>\n",
       "      <th>moth</th>\n",
       "      <th>fwhte</th>\n",
       "      <th>fblck</th>\n",
       "      <th>foth</th>\n",
       "      <th>bwght</th>\n",
       "    </tr>\n",
       "  </thead>\n",
       "  <tbody>\n",
       "    <tr>\n",
       "      <th>0</th>\n",
       "      <td>69</td>\n",
       "      <td>14.0</td>\n",
       "      <td>5</td>\n",
       "      <td>2.0</td>\n",
       "      <td>62</td>\n",
       "      <td>14.0</td>\n",
       "      <td>4</td>\n",
       "      <td>7</td>\n",
       "      <td>23</td>\n",
       "      <td>9</td>\n",
       "      <td>1</td>\n",
       "      <td>0</td>\n",
       "      <td>1</td>\n",
       "      <td>0</td>\n",
       "      <td>0</td>\n",
       "      <td>1</td>\n",
       "      <td>0</td>\n",
       "      <td>697</td>\n",
       "    </tr>\n",
       "    <tr>\n",
       "      <th>1</th>\n",
       "      <td>68</td>\n",
       "      <td>12.0</td>\n",
       "      <td>3</td>\n",
       "      <td>10.0</td>\n",
       "      <td>61</td>\n",
       "      <td>11.0</td>\n",
       "      <td>4</td>\n",
       "      <td>6</td>\n",
       "      <td>25</td>\n",
       "      <td>11</td>\n",
       "      <td>1</td>\n",
       "      <td>1</td>\n",
       "      <td>0</td>\n",
       "      <td>0</td>\n",
       "      <td>1</td>\n",
       "      <td>0</td>\n",
       "      <td>0</td>\n",
       "      <td>1290</td>\n",
       "    </tr>\n",
       "    <tr>\n",
       "      <th>2</th>\n",
       "      <td>71</td>\n",
       "      <td>12.0</td>\n",
       "      <td>3</td>\n",
       "      <td>6.0</td>\n",
       "      <td>46</td>\n",
       "      <td>12.0</td>\n",
       "      <td>2</td>\n",
       "      <td>7</td>\n",
       "      <td>21</td>\n",
       "      <td>12</td>\n",
       "      <td>1</td>\n",
       "      <td>0</td>\n",
       "      <td>1</td>\n",
       "      <td>0</td>\n",
       "      <td>0</td>\n",
       "      <td>1</td>\n",
       "      <td>0</td>\n",
       "      <td>1490</td>\n",
       "    </tr>\n",
       "    <tr>\n",
       "      <th>3</th>\n",
       "      <td>59</td>\n",
       "      <td>16.0</td>\n",
       "      <td>1</td>\n",
       "      <td>8.0</td>\n",
       "      <td>48</td>\n",
       "      <td>16.0</td>\n",
       "      <td>7</td>\n",
       "      <td>8</td>\n",
       "      <td>21</td>\n",
       "      <td>10</td>\n",
       "      <td>0</td>\n",
       "      <td>0</td>\n",
       "      <td>0</td>\n",
       "      <td>1</td>\n",
       "      <td>0</td>\n",
       "      <td>0</td>\n",
       "      <td>1</td>\n",
       "      <td>1720</td>\n",
       "    </tr>\n",
       "    <tr>\n",
       "      <th>4</th>\n",
       "      <td>48</td>\n",
       "      <td>12.0</td>\n",
       "      <td>4</td>\n",
       "      <td>6.0</td>\n",
       "      <td>39</td>\n",
       "      <td>12.0</td>\n",
       "      <td>2</td>\n",
       "      <td>9</td>\n",
       "      <td>17</td>\n",
       "      <td>13</td>\n",
       "      <td>0</td>\n",
       "      <td>1</td>\n",
       "      <td>0</td>\n",
       "      <td>0</td>\n",
       "      <td>1</td>\n",
       "      <td>0</td>\n",
       "      <td>0</td>\n",
       "      <td>1956</td>\n",
       "    </tr>\n",
       "  </tbody>\n",
       "</table>\n",
       "</div>"
      ],
      "text/plain": [
       "   mage  meduc  monpre  npvis  fage  feduc  omaps  fmaps  cigs  drink  male  \\\n",
       "0    69   14.0       5    2.0    62   14.0      4      7    23      9     1   \n",
       "1    68   12.0       3   10.0    61   11.0      4      6    25     11     1   \n",
       "2    71   12.0       3    6.0    46   12.0      2      7    21     12     1   \n",
       "3    59   16.0       1    8.0    48   16.0      7      8    21     10     0   \n",
       "4    48   12.0       4    6.0    39   12.0      2      9    17     13     0   \n",
       "\n",
       "   mwhte  mblck  moth  fwhte  fblck  foth  bwght  \n",
       "0      0      1     0      0      1     0    697  \n",
       "1      1      0     0      1      0     0   1290  \n",
       "2      0      1     0      0      1     0   1490  \n",
       "3      0      0     1      0      0     1   1720  \n",
       "4      1      0     0      1      0     0   1956  "
      ]
     },
     "execution_count": 1,
     "metadata": {},
     "output_type": "execute_result"
    }
   ],
   "source": [
    "# importing libraries\n",
    "import pandas as pd                   # data science essentials\n",
    "import matplotlib.pyplot as plt       # essential graphical output\n",
    "import seaborn as sns                 # enhanced graphical output\n",
    "import numpy as np                    # mathematical essentials\n",
    "import pylab\n",
    "import math\n",
    "\n",
    "from scipy import stats\n",
    "\n",
    "import statsmodels.api as sm\n",
    "from statsmodels.stats import diagnostic as diag\n",
    "from statsmodels.stats.outliers_influence import variance_inflation_factor\n",
    "\n",
    "from sklearn.linear_model import LinearRegression\n",
    "from sklearn.model_selection import train_test_split\n",
    "\n",
    "# specifying file name\n",
    "file = './__datasets/birthweight_low.xlsx'\n",
    "df_birthwt = pd.read_excel(file)\n",
    "\n",
    "# Removing junk data\n",
    "df_birthweight = df_birthwt.iloc[ : , 0:18 ]\n",
    "\n",
    "# Imputing values\n",
    "meduc_median = df_birthweight['meduc'].median()\n",
    "df_birthweight['meduc'].fillna(value = meduc_median,\n",
    "                         inplace = True)\n",
    "\n",
    "npvis_median = df_birthweight['npvis'].median()\n",
    "df_birthweight['npvis'].fillna(value = npvis_median,\n",
    "                         inplace = True)\n",
    "\n",
    "feduc_median = df_birthweight['feduc'].median()\n",
    "df_birthweight['feduc'].fillna(value = feduc_median,\n",
    "                         inplace = True)\n",
    "\n",
    "df_birthweight.head(n = 5)"
   ]
  },
  {
   "cell_type": "code",
   "execution_count": 2,
   "id": "c1cd7803",
   "metadata": {},
   "outputs": [
    {
     "data": {
      "text/html": [
       "<div>\n",
       "<style scoped>\n",
       "    .dataframe tbody tr th:only-of-type {\n",
       "        vertical-align: middle;\n",
       "    }\n",
       "\n",
       "    .dataframe tbody tr th {\n",
       "        vertical-align: top;\n",
       "    }\n",
       "\n",
       "    .dataframe thead th {\n",
       "        text-align: right;\n",
       "    }\n",
       "</style>\n",
       "<table border=\"1\" class=\"dataframe\">\n",
       "  <thead>\n",
       "    <tr style=\"text-align: right;\">\n",
       "      <th></th>\n",
       "      <th>mage</th>\n",
       "      <th>meduc</th>\n",
       "      <th>monpre</th>\n",
       "      <th>npvis</th>\n",
       "      <th>fage</th>\n",
       "      <th>feduc</th>\n",
       "      <th>omaps</th>\n",
       "      <th>fmaps</th>\n",
       "      <th>cigs</th>\n",
       "      <th>drink</th>\n",
       "      <th>male</th>\n",
       "      <th>mwhte</th>\n",
       "      <th>mblck</th>\n",
       "      <th>moth</th>\n",
       "      <th>fwhte</th>\n",
       "      <th>fblck</th>\n",
       "      <th>foth</th>\n",
       "      <th>bwght</th>\n",
       "    </tr>\n",
       "  </thead>\n",
       "  <tbody>\n",
       "    <tr>\n",
       "      <th>mage</th>\n",
       "      <td>1.000000</td>\n",
       "      <td>-0.094028</td>\n",
       "      <td>0.164198</td>\n",
       "      <td>-0.051656</td>\n",
       "      <td>0.583608</td>\n",
       "      <td>-0.086760</td>\n",
       "      <td>-0.211302</td>\n",
       "      <td>-0.238031</td>\n",
       "      <td>0.167293</td>\n",
       "      <td>0.336698</td>\n",
       "      <td>-0.049694</td>\n",
       "      <td>0.007738</td>\n",
       "      <td>-0.024107</td>\n",
       "      <td>0.017395</td>\n",
       "      <td>-0.082203</td>\n",
       "      <td>0.035503</td>\n",
       "      <td>0.048140</td>\n",
       "      <td>-0.463811</td>\n",
       "    </tr>\n",
       "    <tr>\n",
       "      <th>meduc</th>\n",
       "      <td>-0.094028</td>\n",
       "      <td>1.000000</td>\n",
       "      <td>-0.232228</td>\n",
       "      <td>0.137913</td>\n",
       "      <td>-0.069698</td>\n",
       "      <td>0.619529</td>\n",
       "      <td>0.249224</td>\n",
       "      <td>0.140437</td>\n",
       "      <td>0.103739</td>\n",
       "      <td>-0.071381</td>\n",
       "      <td>-0.033436</td>\n",
       "      <td>-0.284530</td>\n",
       "      <td>-0.193431</td>\n",
       "      <td>0.463016</td>\n",
       "      <td>-0.184906</td>\n",
       "      <td>-0.233591</td>\n",
       "      <td>0.429406</td>\n",
       "      <td>0.094206</td>\n",
       "    </tr>\n",
       "    <tr>\n",
       "      <th>monpre</th>\n",
       "      <td>0.164198</td>\n",
       "      <td>-0.232228</td>\n",
       "      <td>1.000000</td>\n",
       "      <td>-0.342874</td>\n",
       "      <td>0.042767</td>\n",
       "      <td>-0.286874</td>\n",
       "      <td>-0.168007</td>\n",
       "      <td>-0.084856</td>\n",
       "      <td>-0.058436</td>\n",
       "      <td>0.015553</td>\n",
       "      <td>-0.075269</td>\n",
       "      <td>0.075486</td>\n",
       "      <td>0.134837</td>\n",
       "      <td>-0.208120</td>\n",
       "      <td>0.037708</td>\n",
       "      <td>0.032603</td>\n",
       "      <td>-0.072167</td>\n",
       "      <td>-0.051827</td>\n",
       "    </tr>\n",
       "    <tr>\n",
       "      <th>npvis</th>\n",
       "      <td>-0.051656</td>\n",
       "      <td>0.137913</td>\n",
       "      <td>-0.342874</td>\n",
       "      <td>1.000000</td>\n",
       "      <td>-0.062502</td>\n",
       "      <td>0.024629</td>\n",
       "      <td>0.091358</td>\n",
       "      <td>0.087839</td>\n",
       "      <td>0.037018</td>\n",
       "      <td>-0.067520</td>\n",
       "      <td>0.003469</td>\n",
       "      <td>0.040307</td>\n",
       "      <td>-0.093286</td>\n",
       "      <td>0.057642</td>\n",
       "      <td>0.034802</td>\n",
       "      <td>-0.067940</td>\n",
       "      <td>0.033823</td>\n",
       "      <td>0.062091</td>\n",
       "    </tr>\n",
       "    <tr>\n",
       "      <th>fage</th>\n",
       "      <td>0.583608</td>\n",
       "      <td>-0.069698</td>\n",
       "      <td>0.042767</td>\n",
       "      <td>-0.062502</td>\n",
       "      <td>1.000000</td>\n",
       "      <td>-0.013147</td>\n",
       "      <td>-0.157184</td>\n",
       "      <td>-0.196277</td>\n",
       "      <td>0.174795</td>\n",
       "      <td>0.291435</td>\n",
       "      <td>-0.085186</td>\n",
       "      <td>0.035367</td>\n",
       "      <td>-0.057187</td>\n",
       "      <td>0.025391</td>\n",
       "      <td>-0.027247</td>\n",
       "      <td>-0.032996</td>\n",
       "      <td>0.061815</td>\n",
       "      <td>-0.395985</td>\n",
       "    </tr>\n",
       "    <tr>\n",
       "      <th>feduc</th>\n",
       "      <td>-0.086760</td>\n",
       "      <td>0.619529</td>\n",
       "      <td>-0.286874</td>\n",
       "      <td>0.024629</td>\n",
       "      <td>-0.013147</td>\n",
       "      <td>1.000000</td>\n",
       "      <td>0.326497</td>\n",
       "      <td>0.127714</td>\n",
       "      <td>0.049043</td>\n",
       "      <td>-0.122493</td>\n",
       "      <td>0.075458</td>\n",
       "      <td>-0.414750</td>\n",
       "      <td>-0.125733</td>\n",
       "      <td>0.515404</td>\n",
       "      <td>-0.357027</td>\n",
       "      <td>-0.150448</td>\n",
       "      <td>0.521183</td>\n",
       "      <td>0.131273</td>\n",
       "    </tr>\n",
       "    <tr>\n",
       "      <th>omaps</th>\n",
       "      <td>-0.211302</td>\n",
       "      <td>0.249224</td>\n",
       "      <td>-0.168007</td>\n",
       "      <td>0.091358</td>\n",
       "      <td>-0.157184</td>\n",
       "      <td>0.326497</td>\n",
       "      <td>1.000000</td>\n",
       "      <td>0.640958</td>\n",
       "      <td>-0.149436</td>\n",
       "      <td>-0.175694</td>\n",
       "      <td>-0.012647</td>\n",
       "      <td>-0.177331</td>\n",
       "      <td>-0.023638</td>\n",
       "      <td>0.189610</td>\n",
       "      <td>-0.117133</td>\n",
       "      <td>-0.006771</td>\n",
       "      <td>0.127358</td>\n",
       "      <td>0.250153</td>\n",
       "    </tr>\n",
       "    <tr>\n",
       "      <th>fmaps</th>\n",
       "      <td>-0.238031</td>\n",
       "      <td>0.140437</td>\n",
       "      <td>-0.084856</td>\n",
       "      <td>0.087839</td>\n",
       "      <td>-0.196277</td>\n",
       "      <td>0.127714</td>\n",
       "      <td>0.640958</td>\n",
       "      <td>1.000000</td>\n",
       "      <td>-0.094834</td>\n",
       "      <td>-0.157919</td>\n",
       "      <td>-0.033829</td>\n",
       "      <td>-0.019572</td>\n",
       "      <td>-0.069815</td>\n",
       "      <td>0.089551</td>\n",
       "      <td>0.007070</td>\n",
       "      <td>-0.043160</td>\n",
       "      <td>0.036947</td>\n",
       "      <td>0.252024</td>\n",
       "    </tr>\n",
       "    <tr>\n",
       "      <th>cigs</th>\n",
       "      <td>0.167293</td>\n",
       "      <td>0.103739</td>\n",
       "      <td>-0.058436</td>\n",
       "      <td>0.037018</td>\n",
       "      <td>0.174795</td>\n",
       "      <td>0.049043</td>\n",
       "      <td>-0.149436</td>\n",
       "      <td>-0.094834</td>\n",
       "      <td>1.000000</td>\n",
       "      <td>0.355779</td>\n",
       "      <td>-0.115098</td>\n",
       "      <td>0.033570</td>\n",
       "      <td>-0.197749</td>\n",
       "      <td>0.170593</td>\n",
       "      <td>-0.007297</td>\n",
       "      <td>-0.193035</td>\n",
       "      <td>0.205261</td>\n",
       "      <td>-0.572385</td>\n",
       "    </tr>\n",
       "    <tr>\n",
       "      <th>drink</th>\n",
       "      <td>0.336698</td>\n",
       "      <td>-0.071381</td>\n",
       "      <td>0.015553</td>\n",
       "      <td>-0.067520</td>\n",
       "      <td>0.291435</td>\n",
       "      <td>-0.122493</td>\n",
       "      <td>-0.175694</td>\n",
       "      <td>-0.157919</td>\n",
       "      <td>0.355779</td>\n",
       "      <td>1.000000</td>\n",
       "      <td>-0.092433</td>\n",
       "      <td>0.164619</td>\n",
       "      <td>-0.111658</td>\n",
       "      <td>-0.039600</td>\n",
       "      <td>0.071382</td>\n",
       "      <td>-0.095792</td>\n",
       "      <td>0.024750</td>\n",
       "      <td>-0.743125</td>\n",
       "    </tr>\n",
       "    <tr>\n",
       "      <th>male</th>\n",
       "      <td>-0.049694</td>\n",
       "      <td>-0.033436</td>\n",
       "      <td>-0.075269</td>\n",
       "      <td>0.003469</td>\n",
       "      <td>-0.085186</td>\n",
       "      <td>0.075458</td>\n",
       "      <td>-0.012647</td>\n",
       "      <td>-0.033829</td>\n",
       "      <td>-0.115098</td>\n",
       "      <td>-0.092433</td>\n",
       "      <td>1.000000</td>\n",
       "      <td>-0.097089</td>\n",
       "      <td>0.119737</td>\n",
       "      <td>-0.031665</td>\n",
       "      <td>-0.031665</td>\n",
       "      <td>0.109894</td>\n",
       "      <td>-0.080029</td>\n",
       "      <td>0.114855</td>\n",
       "    </tr>\n",
       "    <tr>\n",
       "      <th>mwhte</th>\n",
       "      <td>0.007738</td>\n",
       "      <td>-0.284530</td>\n",
       "      <td>0.075486</td>\n",
       "      <td>0.040307</td>\n",
       "      <td>0.035367</td>\n",
       "      <td>-0.414750</td>\n",
       "      <td>-0.177331</td>\n",
       "      <td>-0.019572</td>\n",
       "      <td>0.033570</td>\n",
       "      <td>0.164619</td>\n",
       "      <td>-0.097089</td>\n",
       "      <td>1.000000</td>\n",
       "      <td>-0.479300</td>\n",
       "      <td>-0.443731</td>\n",
       "      <td>0.835258</td>\n",
       "      <td>-0.438745</td>\n",
       "      <td>-0.409230</td>\n",
       "      <td>-0.114388</td>\n",
       "    </tr>\n",
       "    <tr>\n",
       "      <th>mblck</th>\n",
       "      <td>-0.024107</td>\n",
       "      <td>-0.193431</td>\n",
       "      <td>0.134837</td>\n",
       "      <td>-0.093286</td>\n",
       "      <td>-0.057187</td>\n",
       "      <td>-0.125733</td>\n",
       "      <td>-0.023638</td>\n",
       "      <td>-0.069815</td>\n",
       "      <td>-0.197749</td>\n",
       "      <td>-0.111658</td>\n",
       "      <td>0.119737</td>\n",
       "      <td>-0.479300</td>\n",
       "      <td>1.000000</td>\n",
       "      <td>-0.573836</td>\n",
       "      <td>-0.463569</td>\n",
       "      <td>0.893256</td>\n",
       "      <td>-0.438529</td>\n",
       "      <td>0.126145</td>\n",
       "    </tr>\n",
       "    <tr>\n",
       "      <th>moth</th>\n",
       "      <td>0.017395</td>\n",
       "      <td>0.463016</td>\n",
       "      <td>-0.208120</td>\n",
       "      <td>0.057642</td>\n",
       "      <td>0.025391</td>\n",
       "      <td>0.515404</td>\n",
       "      <td>0.189610</td>\n",
       "      <td>0.089551</td>\n",
       "      <td>0.170593</td>\n",
       "      <td>-0.039600</td>\n",
       "      <td>-0.031665</td>\n",
       "      <td>-0.443731</td>\n",
       "      <td>-0.573836</td>\n",
       "      <td>1.000000</td>\n",
       "      <td>-0.306066</td>\n",
       "      <td>-0.502684</td>\n",
       "      <td>0.829647</td>\n",
       "      <td>-0.022065</td>\n",
       "    </tr>\n",
       "    <tr>\n",
       "      <th>fwhte</th>\n",
       "      <td>-0.082203</td>\n",
       "      <td>-0.184906</td>\n",
       "      <td>0.037708</td>\n",
       "      <td>0.034802</td>\n",
       "      <td>-0.027247</td>\n",
       "      <td>-0.357027</td>\n",
       "      <td>-0.117133</td>\n",
       "      <td>0.007070</td>\n",
       "      <td>-0.007297</td>\n",
       "      <td>0.071382</td>\n",
       "      <td>-0.031665</td>\n",
       "      <td>0.835258</td>\n",
       "      <td>-0.463569</td>\n",
       "      <td>-0.306066</td>\n",
       "      <td>1.000000</td>\n",
       "      <td>-0.525281</td>\n",
       "      <td>-0.489945</td>\n",
       "      <td>-0.040909</td>\n",
       "    </tr>\n",
       "    <tr>\n",
       "      <th>fblck</th>\n",
       "      <td>0.035503</td>\n",
       "      <td>-0.233591</td>\n",
       "      <td>0.032603</td>\n",
       "      <td>-0.067940</td>\n",
       "      <td>-0.032996</td>\n",
       "      <td>-0.150448</td>\n",
       "      <td>-0.006771</td>\n",
       "      <td>-0.043160</td>\n",
       "      <td>-0.193035</td>\n",
       "      <td>-0.095792</td>\n",
       "      <td>0.109894</td>\n",
       "      <td>-0.438745</td>\n",
       "      <td>0.893256</td>\n",
       "      <td>-0.502684</td>\n",
       "      <td>-0.525281</td>\n",
       "      <td>1.000000</td>\n",
       "      <td>-0.484441</td>\n",
       "      <td>0.117581</td>\n",
       "    </tr>\n",
       "    <tr>\n",
       "      <th>foth</th>\n",
       "      <td>0.048140</td>\n",
       "      <td>0.429406</td>\n",
       "      <td>-0.072167</td>\n",
       "      <td>0.033823</td>\n",
       "      <td>0.061815</td>\n",
       "      <td>0.521183</td>\n",
       "      <td>0.127358</td>\n",
       "      <td>0.036947</td>\n",
       "      <td>0.205261</td>\n",
       "      <td>0.024750</td>\n",
       "      <td>-0.080029</td>\n",
       "      <td>-0.409230</td>\n",
       "      <td>-0.438529</td>\n",
       "      <td>0.829647</td>\n",
       "      <td>-0.489945</td>\n",
       "      <td>-0.484441</td>\n",
       "      <td>1.000000</td>\n",
       "      <td>-0.078401</td>\n",
       "    </tr>\n",
       "    <tr>\n",
       "      <th>bwght</th>\n",
       "      <td>-0.463811</td>\n",
       "      <td>0.094206</td>\n",
       "      <td>-0.051827</td>\n",
       "      <td>0.062091</td>\n",
       "      <td>-0.395985</td>\n",
       "      <td>0.131273</td>\n",
       "      <td>0.250153</td>\n",
       "      <td>0.252024</td>\n",
       "      <td>-0.572385</td>\n",
       "      <td>-0.743125</td>\n",
       "      <td>0.114855</td>\n",
       "      <td>-0.114388</td>\n",
       "      <td>0.126145</td>\n",
       "      <td>-0.022065</td>\n",
       "      <td>-0.040909</td>\n",
       "      <td>0.117581</td>\n",
       "      <td>-0.078401</td>\n",
       "      <td>1.000000</td>\n",
       "    </tr>\n",
       "  </tbody>\n",
       "</table>\n",
       "</div>"
      ],
      "text/plain": [
       "            mage     meduc    monpre     npvis      fage     feduc     omaps  \\\n",
       "mage    1.000000 -0.094028  0.164198 -0.051656  0.583608 -0.086760 -0.211302   \n",
       "meduc  -0.094028  1.000000 -0.232228  0.137913 -0.069698  0.619529  0.249224   \n",
       "monpre  0.164198 -0.232228  1.000000 -0.342874  0.042767 -0.286874 -0.168007   \n",
       "npvis  -0.051656  0.137913 -0.342874  1.000000 -0.062502  0.024629  0.091358   \n",
       "fage    0.583608 -0.069698  0.042767 -0.062502  1.000000 -0.013147 -0.157184   \n",
       "feduc  -0.086760  0.619529 -0.286874  0.024629 -0.013147  1.000000  0.326497   \n",
       "omaps  -0.211302  0.249224 -0.168007  0.091358 -0.157184  0.326497  1.000000   \n",
       "fmaps  -0.238031  0.140437 -0.084856  0.087839 -0.196277  0.127714  0.640958   \n",
       "cigs    0.167293  0.103739 -0.058436  0.037018  0.174795  0.049043 -0.149436   \n",
       "drink   0.336698 -0.071381  0.015553 -0.067520  0.291435 -0.122493 -0.175694   \n",
       "male   -0.049694 -0.033436 -0.075269  0.003469 -0.085186  0.075458 -0.012647   \n",
       "mwhte   0.007738 -0.284530  0.075486  0.040307  0.035367 -0.414750 -0.177331   \n",
       "mblck  -0.024107 -0.193431  0.134837 -0.093286 -0.057187 -0.125733 -0.023638   \n",
       "moth    0.017395  0.463016 -0.208120  0.057642  0.025391  0.515404  0.189610   \n",
       "fwhte  -0.082203 -0.184906  0.037708  0.034802 -0.027247 -0.357027 -0.117133   \n",
       "fblck   0.035503 -0.233591  0.032603 -0.067940 -0.032996 -0.150448 -0.006771   \n",
       "foth    0.048140  0.429406 -0.072167  0.033823  0.061815  0.521183  0.127358   \n",
       "bwght  -0.463811  0.094206 -0.051827  0.062091 -0.395985  0.131273  0.250153   \n",
       "\n",
       "           fmaps      cigs     drink      male     mwhte     mblck      moth  \\\n",
       "mage   -0.238031  0.167293  0.336698 -0.049694  0.007738 -0.024107  0.017395   \n",
       "meduc   0.140437  0.103739 -0.071381 -0.033436 -0.284530 -0.193431  0.463016   \n",
       "monpre -0.084856 -0.058436  0.015553 -0.075269  0.075486  0.134837 -0.208120   \n",
       "npvis   0.087839  0.037018 -0.067520  0.003469  0.040307 -0.093286  0.057642   \n",
       "fage   -0.196277  0.174795  0.291435 -0.085186  0.035367 -0.057187  0.025391   \n",
       "feduc   0.127714  0.049043 -0.122493  0.075458 -0.414750 -0.125733  0.515404   \n",
       "omaps   0.640958 -0.149436 -0.175694 -0.012647 -0.177331 -0.023638  0.189610   \n",
       "fmaps   1.000000 -0.094834 -0.157919 -0.033829 -0.019572 -0.069815  0.089551   \n",
       "cigs   -0.094834  1.000000  0.355779 -0.115098  0.033570 -0.197749  0.170593   \n",
       "drink  -0.157919  0.355779  1.000000 -0.092433  0.164619 -0.111658 -0.039600   \n",
       "male   -0.033829 -0.115098 -0.092433  1.000000 -0.097089  0.119737 -0.031665   \n",
       "mwhte  -0.019572  0.033570  0.164619 -0.097089  1.000000 -0.479300 -0.443731   \n",
       "mblck  -0.069815 -0.197749 -0.111658  0.119737 -0.479300  1.000000 -0.573836   \n",
       "moth    0.089551  0.170593 -0.039600 -0.031665 -0.443731 -0.573836  1.000000   \n",
       "fwhte   0.007070 -0.007297  0.071382 -0.031665  0.835258 -0.463569 -0.306066   \n",
       "fblck  -0.043160 -0.193035 -0.095792  0.109894 -0.438745  0.893256 -0.502684   \n",
       "foth    0.036947  0.205261  0.024750 -0.080029 -0.409230 -0.438529  0.829647   \n",
       "bwght   0.252024 -0.572385 -0.743125  0.114855 -0.114388  0.126145 -0.022065   \n",
       "\n",
       "           fwhte     fblck      foth     bwght  \n",
       "mage   -0.082203  0.035503  0.048140 -0.463811  \n",
       "meduc  -0.184906 -0.233591  0.429406  0.094206  \n",
       "monpre  0.037708  0.032603 -0.072167 -0.051827  \n",
       "npvis   0.034802 -0.067940  0.033823  0.062091  \n",
       "fage   -0.027247 -0.032996  0.061815 -0.395985  \n",
       "feduc  -0.357027 -0.150448  0.521183  0.131273  \n",
       "omaps  -0.117133 -0.006771  0.127358  0.250153  \n",
       "fmaps   0.007070 -0.043160  0.036947  0.252024  \n",
       "cigs   -0.007297 -0.193035  0.205261 -0.572385  \n",
       "drink   0.071382 -0.095792  0.024750 -0.743125  \n",
       "male   -0.031665  0.109894 -0.080029  0.114855  \n",
       "mwhte   0.835258 -0.438745 -0.409230 -0.114388  \n",
       "mblck  -0.463569  0.893256 -0.438529  0.126145  \n",
       "moth   -0.306066 -0.502684  0.829647 -0.022065  \n",
       "fwhte   1.000000 -0.525281 -0.489945 -0.040909  \n",
       "fblck  -0.525281  1.000000 -0.484441  0.117581  \n",
       "foth   -0.489945 -0.484441  1.000000 -0.078401  \n",
       "bwght  -0.040909  0.117581 -0.078401  1.000000  "
      ]
     },
     "metadata": {},
     "output_type": "display_data"
    },
    {
     "data": {
      "text/plain": [
       "<AxesSubplot:>"
      ]
     },
     "execution_count": 2,
     "metadata": {},
     "output_type": "execute_result"
    },
    {
     "data": {
